  0.99726176    
  0.98907435    
  0.96464628    
  0.92437863    
  0.86893284    
  0.79921931    
  0.71638232    
  0.62178248    
  0.51697326    
  0.40367502    
  0.28374827    
  0.15916276    
  3.19637284E-02
 -9.57600996E-02
 -0.22191164    
 -0.34441957    
 -0.46127167    
 -0.57055026    
 -0.67046016    
 -0.75936121    
 -0.83579355    
 -0.89850146    
 -0.94645739    
 -0.97887170    
 -0.99521214    
 -0.99521309    
 -0.97887170    
 -0.94645631    
 -0.89850187    
 -0.83579344    
 -0.75936121    
 -0.67046016    
 -0.57054955    
 -0.46127123    
 -0.34441957    
 -0.22191186    
 -9.57596377E-02
  3.19639593E-02
  0.15916300    
  0.28374919    
  0.40367547    
  0.51697302    
  0.62178248    
  0.71638209    
  0.79921871    
  0.86893404    
  0.92437994    
  0.96464568    
  0.98907363    
  0.99726117    
