   1.0000000    
  0.99179000    
  0.96729487    
  0.92691678    
  0.87131870    
  0.80141360    
  0.71834934    
  0.62348980    
  0.51839250    
  0.40478328    
  0.28452748    
  0.15959987    
  3.20515111E-02
 -9.60231274E-02
 -0.22252095    
 -0.34536511    
 -0.46253836    
 -0.57211667    
 -0.67230099    
 -0.76144600    
 -0.83808821    
 -0.90096891    
 -0.94905579    
 -0.98155922    
 -0.99794543    
 -0.99794537    
 -0.98155910    
 -0.94905573    
 -0.90096885    
 -0.83808798    
 -0.76144588    
 -0.67230070    
 -0.57211649    
 -0.46253821    
 -0.34536505    
 -0.22252055    
 -9.60227177E-02
  3.20518054E-02
  0.15960003    
  0.28452766    
  0.40478376    
  0.51839286    
  0.62349004    
  0.71834952    
  0.80141371    
  0.87131870    
  0.92691690    
  0.96729493    
  0.99179006    
   1.0000000    
